0 1.18880 -0.15669 -1.73176 0.64816 0.61927 0.17798 -1.07883 -0.17835 1.18939 0.68116
1 0.25758 -0.41279 -0.51571 0.00562 -0.94361 -1.32168 0.16290 -0.97392 -0.70768 -0.33371
2 -0.40992 -0.04137 0.77123 0.93232 -1.10361 -0.72538 0.09518 -0.09158 0.59430 1.66107
3 -0.25698 1.06204 -0.65094 -0.12462 1.45834 -0.21193 -0.05001 -2.27412 0.28218 1.23989
4 0.03603 0.83220 -2.27236 1.57279 -0.66917 0.84187 0.79140 -0.77183 -0.48994 0.54925
5 0.51952 -0.67210 -0.24365 -0.56544 -0.24994 0.75568 0.86456 -0.37488 -0.34074 -0.87961
6 -0.32925 0.65481 -0.26454 -0.13456 -0.20039 -0.15401 0.14615 0.21204 1.85072 0.34167
7 2.05879 0.01743 0.90401 0.58159 1.32139 0.22269 -0.53085 0.57531 -0.50128 1.55658
8 -0.21141 -2.47596 0.15107 -0.91974 1.47501 0.21181 -0.80285 0.06586 0.29577 0.41524
9 -0.55906 -0.42848 -0.06265 0.08216 0.14714 -0.89003 -0.74084 1.05889 0.06086 -1.41601
10 -0.15903 0.59182 -1.32393 -0.71464 0.89268 -0.77099 1.55799 1.47100 0.01130 -0.17479
11 -1.01457 -0.78696 -0.55967 0.88713 -0.88169 -0.73804 -1.89111 -0.23453 -0.02115 -1.64264
12 -0.43472 -0.80648 1.22025 1.05253 1.52537 1.50943 -1.47840 0.25253 0.30026 -1.41345
13 -0.49590 0.24369 -1.07958 0.92824 0.33746 0.81859 -1.36018 -0.38187 0.94079 -1.01236
14 1.34458 1.43552 -0.50776 -0.49450 0.34370 2.44120 -1.48854 -1.32033 -0.61927 0.13009
15 0.06092 0.76591 0.11844 0.72393 0.46128 0.00611 0.38461 -0.62406 -0.99083 1.69988
16 -1.63375 -1.22416 -0.51869 -1.37283 1.25216 -0.64616 1.69535 -2.01851 0.08912 -1.26479
17 -0.05420 1.66412 -0.03557 1.67708 -1.93334 0.49504 1.24739 0.79408 -0.88401 0.26740
18 -1.11295 1.65086 1.36483 0.38357 -0.70355 3.10981 0.49120 1.04955 0.49231 0.50297
19 -0.54374 1.04992 1.83003 2.01746 0.23268 1.01642 -0.79224 -0.36253 -1.39591 -0.87978
