0 -0.64016 -2.81111 0.96338 0.23348 1.15797 -0.78477 -0.23069 1.77437 -0.31235 -0.87469 0.32744 -0.30997 1.04123 -1.11178 -0.66856 -1.56090 1.05846 1.35324 -1.40080 -1.01681 0.14778 -0.58548 -1.97548 -0.28728 -0.09775 0.00160 0.84205 -0.41887 1.16596 0.36277
1 0.21915 -0.55184 0.30083 0.06986 -0.88879 -0.40576 -0.71215 -0.49746 1.51978 1.35146 0.61742 -1.06162 -0.41559 -0.74226 -0.18754 -0.98472 0.89222 0.20269 0.72451 0.20966 0.43484 -0.07764 -0.53710 -0.21150 -0.68011 -0.30560 0.33576 -0.29725 -0.14935 -0.83692
2 -1.64686 0.51354 0.20581 -0.53529 0.18714 -0.84258 -0.87713 -0.56723 -0.20508 0.97522 -0.85783 0.18892 -1.74921 0.91058 -0.02068 0.83464 -0.49463 -1.27018 0.70178 0.72364 0.18257 0.60510 -0.34009 0.82001 -0.33808 0.86719 -0.61950 0.50181 -0.76891 -2.19914
3 -1.01170 -0.35125 -0.07978 -0.52216 0.34077 0.86047 -0.77538 -0.97691 1.22274 -0.22553 -1.13243 0.18349 -1.78115 -0.95575 -0.20832 -0.24121 -1.21407 0.65942 0.65328 -0.16640 -0.76881 -1.37709 0.41583 -1.85900 1.23848 0.21777 -0.74428 0.91680 1.19185 -1.36976
4 -0.15746 1.24881 -0.76570 2.44311 2.11718 -0.03878 -0.72225 0.64873 1.56946 1.31566 -1.02286 0.11133 0.54164 -0.77975 0.93012 -0.01527 0.33764 -1.82593 0.22928 -0.04753 -0.01107 0.04814 -2.25246 1.51853 -1.60692 -1.15339 -1.18474 0.42340 -0.60587 -1.10172
5 -0.02544 -0.14638 1.02798 -0.58232 1.33888 -1.60674 0.17745 0.97285 -0.14479 1.10958 0.02949 -1.16668 -0.20718 0.93081 1.78521 1.96232 0.54712 1.82831 0.32745 -0.35216 -1.02153 0.52598 -1.40941 -0.32832 -0.39341 -0.68279 -1.44272 -0.57052 -0.80429 -0.56965
6 -0.51646 -0.69508 0.66257 0.05263 0.13258 -0.10640 -0.77972 -1.64054 1.24326 0.09672 0.33006 0.38168 -0.06475 1.05327 0.48304 0.67411 1.90472 -1.01812 0.90733 0.44545 -0.52209 -0.31105 -2.14755 -1.07888 -0.76132 0.04718 -2.47487 -0.20296 0.42673 0.34946
7 1.47841 1.36836 -0.31842 0.89085 0.39289 0.17471 -0.75200 2.15083 0.57382 0.14676 0.43647 1.06379 -1.64398 0.44629 0.02413 -1.68423 0.78196 0.56509 0.76485 -1.23914 -0.26254 1.20312 -2.20656 -0.91792 -0.21237 -0.40997 -0.83235 1.35559 -0.60552 0.85224
8 0.37089 0.26508 0.11392 -0.39299 -1.20064 0.65955 1.16579 1.13788 0.00791 -0.53131 0.64180 2.33143 -1.32565 1.03040 -0.79535 0.12370 1.40099 -0.39027 -0.58779 0.75153 -0.64482 -0.79843 1.71084 2.12719 -0.38770 -0.08203 0.72463 -0.68611 0.70664 -1.12771
9 0.94103 0.82720 -0.84219 0.66069 0.89739 0.80221 -0.12483 0.98446 -0.47088 1.62736 1.34572 -0.19018 -0.11506 -0.08583 1.18990 -0.25825 -0.21403 0.47392 0.73185 0.78036 0.36064 -0.22758 -0.44394 -0.40148 -0.00585 0.93218 1.13252 -0.02832 1.21531 1.35623
