0,0	3.67918
0,11	-3.90270
0,16	-0.22503
0,20	0.30727
0,25	-1.40847
0,5	-1.88217
1,10	0.36725
1,15	-0.04614
1,24	0.02072
1,29	2.71975
1,4	1.71328
1,9	-1.15125
10,1	1.17872
10,12	-2.27546
10,17	-2.50576
10,21	-0.69614
10,26	3.16269
10,6	0.90546
11,0	1.44195
11,11	-4.89040
11,16	2.39440
11,20	3.58102
11,25	0.07071
11,5	-0.25649
12,10	-1.38998
12,15	2.25233
12,24	-2.11043
12,29	-2.51375
12,4	0.34521
12,9	0.36605
13,14	1.17271
13,19	-0.68875
13,23	2.29234
13,28	-1.26597
13,3	0.35388
13,8	-1.59209
14,13	1.29654
14,18	1.75308
14,2	1.05104
14,22	-3.30259
14,27	-2.39903
14,7	-4.77911
15,1	-3.97622
15,12	2.67432
15,17	3.38757
15,21	-0.60275
15,26	4.85086
15,6	2.02124
16,0	-3.70564
16,11	-0.09917
16,16	1.18473
16,20	0.25097
16,25	0.36655
16,5	2.14631
17,10	2.25953
17,15	-4.62241
17,24	-1.04605
17,29	0.79498
17,4	-1.13637
17,9	0.34230
18,14	1.78738
18,19	1.83058
18,23	2.03509
18,28	1.08272
18,3	3.11235
18,8	-0.83223
19,13	-6.83988
19,18	-5.96703
19,2	-1.63325
19,22	3.41843
19,27	0.35453
19,7	3.49487
2,14	1.57603
2,19	1.37983
2,23	-0.43711
2,28	3.11063
2,3	5.69268
2,8	3.02349
3,13	-2.65457
3,18	-3.08397
3,2	0.94617
3,22	4.62875
3,27	-1.11697
3,7	2.85063
4,1	5.23960
4,12	-3.06262
4,17	2.43219
4,21	2.70873
4,26	4.73880
4,6	-0.98607
5,0	-0.92354
5,11	0.37538
5,16	3.82078
5,20	-1.32265
5,25	1.81343
5,5	-1.51271
6,10	-4.37926
6,15	-2.28861
6,24	-0.21784
6,29	-3.06061
6,4	1.71788
6,9	1.70385
7,14	-0.95128
7,19	1.17293
7,23	3.18828
7,28	-0.92546
7,3	-2.82233
7,8	-5.61170
8,13	-3.81585
8,18	-0.41995
8,2	-3.06774
8,22	3.66979
8,27	2.04157
8,7	-2.24263
9,1	3.07198
9,12	-2.95135
9,17	5.66248
9,21	4.28230
9,26	1.89809
9,6	2.47474
