0,14	3.56733
0,19	-3.17843
0,23	-3.03264
0,28	-1.37900
0,3	2.26077
0,8	-1.23556
1,13	0.97059
1,18	0.64554
1,2	-0.88896
1,22	-2.54653
1,27	0.73287
1,7	-1.73675
10,10	-0.72221
10,15	0.14670
10,24	2.23109
10,29	-2.55456
10,4	-6.63024
10,9	-1.23378
11,14	-0.62149
11,19	1.78335
11,23	1.79034
11,28	2.19624
11,3	0.62799
11,8	-2.42205
12,13	-1.42372
12,18	-2.04978
12,2	0.20715
12,22	1.74262
12,27	-2.55740
12,7	-2.23077
13,1	-2.77207
13,12	5.80264
13,17	1.05160
13,21	0.75806
13,26	-0.21084
13,6	2.20247
14,0	-0.36458
14,11	-3.26584
14,16	2.95779
14,20	-0.21171
14,25	-1.44992
14,5	-1.77861
15,10	-1.04817
15,15	2.16565
15,24	2.52023
15,29	-2.02205
15,4	-1.81502
15,9	-0.98395
16,14	-1.44117
16,19	2.55128
16,23	2.33669
16,28	6.88022
16,3	1.29945
16,8	2.26545
17,13	1.83558
17,18	2.46904
17,2	-1.62594
17,22	-2.94717
17,27	2.79364
17,7	4.79415
18,1	1.10422
18,12	4.02466
18,17	-4.16674
18,21	-1.41095
18,26	0.69838
18,6	-0.52250
19,0	-1.04621
19,11	0.29567
19,16	-3.44892
19,20	3.46270
19,25	0.50884
19,5	1.67557
2,1	5.38295
2,12	-0.28745
2,17	-4.75629
2,21	-2.31107
2,26	-0.80272
2,6	-1.43975
3,0	-0.97318
3,11	-1.17181
3,16	-2.55074
3,20	-0.19935
3,25	0.01956
3,5	-0.62756
4,10	1.32549
4,15	-3.57360
4,24	1.97397
4,29	2.06245
4,4	-0.27833
4,9	3.36304
5,14	-0.24815
5,19	-0.28949
5,23	-5.30524
5,28	1.12066
5,3	-3.90124
5,8	-0.50299
6,13	-3.47741
6,18	0.72404
6,2	-1.11948
6,22	-2.35928
6,27	3.34926
6,7	-0.52760
7,1	0.05329
7,12	-0.94154
7,17	0.21124
7,21	2.45707
7,26	2.72737
7,6	2.03257
8,0	-0.06787
8,11	0.65974
8,16	-4.80765
8,20	0.26076
8,25	-0.48949
8,5	3.91842
9,10	0.96568
9,15	-0.09758
9,24	3.71246
9,29	2.79195
9,4	-4.42030
9,9	-2.84153
