0,10	5.1454131
0,15	-1.3917523
0,24	-2.6434017
0,29	-1.8385754
0,4	-3.0628839
0,9	0.4761476
1,14	-0.6370715
1,19	-2.2619842
1,23	3.7498253
1,28	1.6824073
1,3	2.4493872
1,8	3.8160557
10,0	5.7049379
10,11	2.0220552
10,16	4.5390911
10,20	-2.9054964
10,25	1.8005966
10,5	-2.4569464
11,10	1.6859513
11,15	-0.7869903
11,24	-1.9377001
11,29	-1.9807623
11,4	0.0701148
11,9	6.4670360
12,14	3.4548577
12,19	-2.2656992
12,23	1.1948306
12,28	-0.6013857
12,3	-2.4791067
12,8	0.8393768
13,13	-4.2393010
13,18	0.8592189
13,2	-0.7337195
13,22	-1.0481145
13,27	-1.3683685
13,7	-2.3228563
14,1	-3.4135962
14,12	1.5037224
14,17	3.7561551
14,21	2.5171745
14,26	0.8958475
14,6	2.6540358
15,0	-3.1157379
15,11	-1.6894777
15,16	-4.2885374
15,20	1.2931169
15,25	2.2919550
15,5	-1.4452778
16,10	4.4947030
16,15	-2.8209056
16,24	-4.0910500
16,29	4.2368983
16,4	-3.2595633
16,9	2.4694960
17,14	0.8600280
17,19	-3.1804917
17,23	0.7867397
17,28	-6.1375522
17,3	1.7505973
17,8	-3.9002399
18,13	-3.5798994
18,18	8.5718334
18,2	-0.9542481
18,22	0.8426924
18,27	8.0854548
18,7	-0.3337320
19,1	-3.0581188
19,12	5.4162009
19,17	4.3399900
19,21	-1.6586137
19,26	5.4929574
19,6	-1.5563094
2,13	-0.5646361
2,18	2.1847915
2,2	-0.8706576
2,22	-2.3259298
2,27	4.8720257
2,7	2.5246276
3,1	0.4363237
3,12	-0.8942898
3,17	-0.2596362
3,21	1.5949549
3,26	6.0490889
3,6	-1.3356589
4,0	0.1786981
4,11	-6.5464099
4,16	1.7144429
4,20	-3.7017881
4,25	2.8935366
4,5	1.1559043
5,10	0.2447660
5,15	-1.2943744
5,24	1.9047230
5,29	-1.3127482
5,4	-0.1462083
5,9	-0.0827045
6,14	-1.9405799
6,19	1.4625676
6,23	-3.0186554
6,28	-1.0090955
6,3	0.2742620
6,8	-6.3676580
7,13	2.5827874
7,18	1.9561983
7,2	-1.6840160
7,22	-4.2212757
7,27	-0.4378255
7,7	0.2746013
8,1	2.9153307
8,12	0.7763359
8,17	7.9055547
8,21	-0.4755056
8,26	3.0906751
8,6	4.5583845
9,0	0.7729905
9,11	1.3718871
9,16	2.5397976
9,20	0.2823477
9,25	-0.2873407
9,5	0.5396977
