0,13	-3.6327175
0,18	0.9559225
0,2	0.0376525
0,22	-4.9993780
0,27	-1.2777488
0,7	-0.5261144
1,1	-0.7840784
1,12	-0.2314538
1,17	-4.5103479
1,21	1.6789871
1,26	1.1167604
1,6	-0.6691002
10,14	0.5976749
10,19	5.9620287
10,23	-4.9526071
10,28	0.5588114
10,3	-4.8440095
10,8	-0.3422702
11,13	-2.8994518
11,18	-3.8823105
11,2	1.0398069
11,22	1.5618308
11,27	-4.9924629
11,7	-4.1484458
12,1	1.1934107
12,12	6.5076183
12,17	11.0330709
12,21	-4.7525637
12,26	3.4332063
12,6	3.9889873
13,0	0.4579553
13,11	-5.6128214
13,16	-1.4015396
13,20	-1.2339284
13,25	0.6804035
13,5	2.7582741
14,10	-1.4015276
14,15	-0.6436066
14,24	0.6031768
14,29	3.1251043
14,4	6.4822241
14,9	1.3498337
15,14	-1.7252906
15,19	-2.3227008
15,23	1.8768275
15,28	-0.0756153
15,3	4.3415285
15,8	2.7861007
16,13	3.5462639
16,18	-6.5610301
16,2	1.3413284
16,22	3.8161037
16,27	-1.5648068
16,7	2.3466367
17,1	-3.9900412
17,12	2.4663865
17,17	-5.8916892
17,21	1.4549686
17,26	-4.0417081
17,6	-4.8117027
18,0	3.1935559
18,11	0.1931398
18,16	-3.1659168
18,20	3.8084916
18,25	-4.0314425
18,5	2.8518475
19,10	-3.5611274
19,15	-2.2553729
19,24	-0.7832463
19,29	5.4495705
19,4	7.5385147
19,9	5.8241475
2,0	-2.8980803
2,11	-5.3469020
2,16	2.5632298
2,20	0.0507222
2,25	-1.9597311
2,5	-0.5832594
3,10	2.0564332
3,15	-3.7975650
3,24	-7.2382023
3,29	6.6826915
3,4	-0.6650142
3,9	0.0555840
4,14	-1.1624437
4,19	-4.5097882
4,23	0.4087697
4,28	-3.2940744
4,3	1.0545887
4,8	-1.3645454
5,13	-0.8289633
5,18	-1.9122551
5,2	3.3608716
5,22	1.3529553
5,27	-0.7054749
5,7	-0.7312038
6,1	1.2194412
6,12	0.1319936
6,17	-1.4732157
6,21	-2.2117510
6,26	-3.0178158
6,6	0.8093550
7,0	-2.8339999
7,11	3.6321524
7,16	-6.2270834
7,20	2.5013159
7,25	2.1633804
7,5	-4.1575021
8,10	4.3775437
8,15	6.7080726
8,24	5.7382357
8,29	0.7250516
8,4	0.4521491
8,9	-1.0547604
9,14	4.2950787
9,19	0.5354637
9,23	-0.7220304
9,28	-0.3541578
9,3	-4.0093627
9,8	-0.2038277
