0,1	0.73170
0,12	2.64657
0,17	5.18403
0,21	2.81311
0,26	0.29149
0,6	-0.53528
1,0	-0.86165
1,11	2.64289
1,16	1.02891
1,20	-0.21051
1,25	1.77383
1,5	2.36305
10,13	0.11636
10,18	0.54384
10,2	-0.97326
10,22	9.09952
10,27	0.05779
10,7	-5.54554
11,1	-6.19947
11,12	12.12725
11,17	-0.32311
11,21	-1.72021
11,26	5.87630
11,6	3.08769
12,0	-1.94774
12,11	-1.52255
12,16	0.30050
12,20	0.73392
12,25	-1.44819
12,5	-1.02437
13,10	1.24481
13,15	2.12825
13,24	-2.04403
13,29	2.29288
13,4	0.97338
13,9	-0.98268
14,14	3.40674
14,19	1.81363
14,23	-0.16953
14,28	-1.41555
14,3	0.94007
14,8	2.41341
15,13	-1.89376
15,18	-2.74246
15,2	1.65488
15,22	6.45859
15,27	-2.37153
15,7	-1.82601
16,1	-6.68518
16,12	4.14011
16,17	-1.38982
16,21	-7.30378
16,26	3.45243
16,6	0.78524
17,0	4.43152
17,11	6.48631
17,16	4.07109
17,20	-1.59185
17,25	-0.83257
17,5	3.36710
18,10	-2.57744
18,15	1.89797
18,24	-0.42264
18,29	-0.20587
18,4	4.37610
18,9	1.36133
19,14	-5.63547
19,19	-2.15496
19,23	3.13933
19,28	2.50909
19,3	2.23156
19,8	-2.62026
2,10	-0.91028
2,15	-1.92353
2,24	-0.22616
2,29	2.00981
2,4	3.38422
2,9	1.58778
3,14	-1.69239
3,19	-1.03442
3,23	0.98671
3,28	1.45968
3,3	-2.32917
3,8	-2.17069
4,13	-1.62455
4,18	2.26553
4,2	-3.26879
4,22	1.78911
4,27	2.99855
4,7	3.59755
5,1	-3.91988
5,12	-1.66410
5,17	2.19287
5,21	0.41290
5,26	-3.89826
5,6	-1.02502
6,0	-1.73156
6,11	-4.16280
6,16	-4.87225
6,20	2.42139
6,25	-1.19918
6,5	-2.55440
7,10	2.40793
7,15	1.41107
7,24	-0.00631
7,29	1.16202
7,4	-2.09725
7,9	-0.99544
8,14	-1.03703
8,19	-0.38505
8,23	-1.03475
8,28	1.44039
8,3	1.96687
8,8	1.25086
9,13	2.81275
9,18	-0.16577
9,2	0.37396
9,22	5.32434
9,27	1.43854
9,7	3.05859
